passenger_id,flight_id
8559460462,1001
8559460462,1001
8559460462,1001
8559460462,1001
8559460462,1001
8559460462,1001
8559460462,1001
8559460462,1001
8559460462,1001
8559460462,1001
8559460462,1001
8559460462,1001
8559460462,1001
8559460462,1001
8559460462,1001
8559460462,1001
8559460462,1001
8559460462,1001
8559460462,1001
8559460462,1001
8559460462,1001
8559460462,1001
8559460462,1001
8559460462,1001
8559460462,1001
8559460462,1001
8559460462,1001
8559460462,1001
8559460462,1001
8559460462,1001
8559460462,1001
8559460462,1001
8559460462,1001
8559460462,1001
8559460462,1001
8559460462,1001
8559460462,1001
8559460462,1001
8559460462,1001
8559460462,1001
8559460462,1001
8559460462,1001
8559460462,1001
8559460462,1001
8559460462,1001
8559460462,1001
8559460462,1001
8559460462,1001
8559460462,1001
8559460462,1001
8559460462,1001
8559460462,1001
8559460462,1001
8559460462,1001
8559460462,1001
8559460468,1005
8559460468,1005
8559460468,1005
8559460468,1005
8559460468,1005
8559460468,1005
8559460468,1005
8559460468,1005
8559460468,1005
8559460468,1005
8559460468,1005
8559460468,1005
8559460468,1005
8559460468,1005
8559460468,1005
8559460468,1005
8559460468,1005
8559460468,1005
8559460468,1005
8559460468,1005
8559460468,1005
8559460468,1005
8559460468,1005
8559460468,1005
8559460468,1005
8559460468,1005
8559460468,1005
8559460468,1005
8559460468,1005
8559460468,1005
8559460468,1005
8559460468,1005
8559460468,1005
8559460468,1005
8559460468,1005
8559460468,1005
8559460468,1005
8559460468,1005
8559460468,1005
8559460468,1005
8559460468,1005
8559460468,1005
8559460468,1005
8559460468,1005
8559460468,1005
8559460468,1005
8559460468,1005
8559460468,1005
8559460468,1005
8559460468,1005
8559460468,1010
8559460468,1010
8559460468,1010
8559460468,1010
8559460468,1010